60200,'10',800,,3894,1,0,5 6 2 7 8,1,20,,3885,1,0,5 6 2 7 8,1,20,,3897,1,0,5 6 2 7 8,1,60,,3884,1,0,5 6 2 7 8,1,20,,3870,1,0,5 6 2 7 8,1,20,,3860,1,0,5 6 2 7 8,1,60,,3858,1,0,5 6 2 7 8,1,20,,3859,1,0,5 6 2 7 8,1,20,,3898,1,0,5 6 2 7 8,1,60,,3864,1,0,5 6 2 7 8,1,20,,3892,1,0,5 6 2 7 8,1,20,,3862,1,0,5 6 2 7 8,1,60,,3867,1,0,5 6 2 7 8,1,20,,3876,1,0,5 6 2 7 8,1,20,,3896,1,0,5 6 2 7 8,1,60,,3861,1,0,5 6 2 7 8,1,20,,3886,1,0,5 6 2 7 8,1,20,,3875,1,0,5 6 2 7 8,1,60,,3856,1,0,5 6 2 7 8,1,20,,3868,1,0,5 6 2 7 8,1,20,,3880,1,0,5 6 2 7 8,1,60,,3882,1,0,5 6 2 7 8,1,20,,3893,1,0,5 6 2 7 8,1,20,,3869,1,0,5 6 2 7 8,1,60,,3871,1,0,5 6 2 7 8,1,20,,3891,1,0,5 6 2 7 8,1,20,,3878,1,0,5 6 2 7 8,1,60,,3879,1,0,5 6 2 7 8,1,20,,3866,1,0,5 6 2 7 8,1,20,,3863,1,0,5 6 2 7 8,1,60,,3890,1,0,5 6 2 7 8,1,20,,3888,1,0,5 6 2 7 8,1,20,,3857,1,0,5 6 2 7 8,1,60,,3881,1,0,5 6 2 7 8,1,20,,3877,1,0,5 6 2 7 8,1,20,,3887,1,0,5 6 2 7 8,1,60,,3874,1,0,5 6 2 7 8,1,20,,3865,1,0,5 6 2 7 8,1,20,,3899,1,0,5 6 2 7 8,1,60,,3895,1,0,5 6 2 7 8,1,20,,3873,1,0,5 6 2 7 8,1,20,,3889,1,0,5 6 2 7 8,1,60,,3872,1,0,5 6 2 7 8,1,20,,3900,1,0,5 6 2 7 8,1,20,,3883,1,0,5 6 2 7 8,1
60200,'5',800,,3939,1,0,5 6 2 7 8,1,20,,3930,1,0,5 6 2 7 8,1,20,,3942,1,0,5 6 2 7 8,1,60,,3929,1,0,5 6 2 7 8,1,20,,3915,1,0,5 6 2 7 8,1,20,,3905,1,0,5 6 2 7 8,1,60,,3903,1,0,5 6 2 7 8,1,20,,3904,1,0,5 6 2 7 8,1,20,,3943,1,0,5 6 2 7 8,1,60,,3909,1,0,5 6 2 7 8,1,20,,3937,1,0,5 6 2 7 8,1,20,,3907,1,0,5 6 2 7 8,1,60,,3912,1,0,5 6 2 7 8,1,20,,3921,1,0,5 6 2 7 8,1,20,,3941,1,0,5 6 2 7 8,1,60,,3906,1,0,5 6 2 7 8,1,20,,3931,1,0,5 6 2 7 8,1,20,,3920,1,0,5 6 2 7 8,1,60,,3901,1,0,5 6 2 7 8,1,20,,3913,1,0,5 6 2 7 8,1,20,,3925,1,0,5 6 2 7 8,1,60,,3927,1,0,5 6 2 7 8,1,20,,3938,1,0,5 6 2 7 8,1,20,,3914,1,0,5 6 2 7 8,1,60,,3916,1,0,5 6 2 7 8,1,20,,3936,1,0,5 6 2 7 8,1,20,,3923,1,0,5 6 2 7 8,1,60,,3924,1,0,5 6 2 7 8,1,20,,3911,1,0,5 6 2 7 8,1,20,,3908,1,0,5 6 2 7 8,1,60,,3935,1,0,5 6 2 7 8,1,20,,3933,1,0,5 6 2 7 8,1,20,,3902,1,0,5 6 2 7 8,1,60,,3926,1,0,5 6 2 7 8,1,20,,3922,1,0,5 6 2 7 8,1,20,,3932,1,0,5 6 2 7 8,1,60,,3919,1,0,5 6 2 7 8,1,20,,3910,1,0,5 6 2 7 8,1,20,,3944,1,0,5 6 2 7 8,1,60,,3940,1,0,5 6 2 7 8,1,20,,3918,1,0,5 6 2 7 8,1,20,,3934,1,0,5 6 2 7 8,1,60,,3917,1,0,5 6 2 7 8,1,20,,3945,1,0,5 6 2 7 8,1,20,,3928,1,0,5 6 2 7 8,1
60200,'7',800,,3984,1,0,5 6 2 7 8,1,20,,3975,1,0,5 6 2 7 8,1,20,,3987,1,0,5 6 2 7 8,1,60,,3974,1,0,5 6 2 7 8,1,20,,3960,1,0,5 6 2 7 8,1,20,,3950,1,0,5 6 2 7 8,1,60,,3948,1,0,5 6 2 7 8,1,20,,3949,1,0,5 6 2 7 8,1,20,,3988,1,0,5 6 2 7 8,1,60,,3954,1,0,5 6 2 7 8,1,20,,3982,1,0,5 6 2 7 8,1,20,,3952,1,0,5 6 2 7 8,1,60,,3957,1,0,5 6 2 7 8,1,20,,3966,1,0,5 6 2 7 8,1,20,,3986,1,0,5 6 2 7 8,1,60,,3951,1,0,5 6 2 7 8,1,20,,3976,1,0,5 6 2 7 8,1,20,,3965,1,0,5 6 2 7 8,1,60,,3946,1,0,5 6 2 7 8,1,20,,3958,1,0,5 6 2 7 8,1,20,,3970,1,0,5 6 2 7 8,1,60,,3972,1,0,5 6 2 7 8,1,20,,3983,1,0,5 6 2 7 8,1,20,,3959,1,0,5 6 2 7 8,1,60,,3961,1,0,5 6 2 7 8,1,20,,3981,1,0,5 6 2 7 8,1,20,,3968,1,0,5 6 2 7 8,1,60,,3969,1,0,5 6 2 7 8,1,20,,3956,1,0,5 6 2 7 8,1,20,,3953,1,0,5 6 2 7 8,1,60,,3980,1,0,5 6 2 7 8,1,20,,3978,1,0,5 6 2 7 8,1,20,,3947,1,0,5 6 2 7 8,1,60,,3971,1,0,5 6 2 7 8,1,20,,3967,1,0,5 6 2 7 8,1,20,,3977,1,0,5 6 2 7 8,1,60,,3964,1,0,5 6 2 7 8,1,20,,3955,1,0,5 6 2 7 8,1,20,,3989,1,0,5 6 2 7 8,1,60,,3985,1,0,5 6 2 7 8,1,20,,3963,1,0,5 6 2 7 8,1,20,,3979,1,0,5 6 2 7 8,1,60,,3962,1,0,5 6 2 7 8,1,20,,3990,1,0,5 6 2 7 8,1,20,,3973,1,0,5 6 2 7 8,1
60201,'10',859,,4028,13,4,,1,60,,3999,13,4,,1,20,,4025,13,4,,1,20,,4033,13,4,,1,60,,4004,13,4,,1,20,,4020,13,4,,1,20,,4022,13,4,,1,60,,4008,13,4,,1,20,,4027,13,4,,1,20,,4023,13,4,,1,60,,4032,13,4,,1,20,,4013,13,4,,1,20,,4002,13,4,,1,60,,3197,13,4,,1,20,,4005,13,4,,1,20,,4031,13,4,,1,60,,4021,13,4,,1,20,,3993,13,4,,1,20,,4009,13,4,,1,60,,4026,13,4,,1,20,,3994,13,4,,1,20,,3995,13,4,,1,60,,4000,13,4,,1,20,,4029,13,4,,1,20,,4024,13,4,,1,60,,4017,13,4,,1,20,,4012,13,4,,1,20,,4015,13,4,,1,60,,4019,13,4,,1,20,,3998,13,4,,1,20,,3991,13,4,,1,60,,4007,13,4,,1,20,,3997,13,4,,1,20,,4018,13,4,,1,60,,4003,13,4,,1,20,,4030,13,4,,1,20,,4010,13,4,,1,60,,4014,13,4,,1,20,,4016,13,4,,1,20,,3996,13,4,,1,60,,4011,13,4,,1,20,,4001,13,4,,1,20,,3992,13,4,,1,60,,2548,13,4,,1,20,,4006,13,4,,1
60201,'5',859,,4071,13,4,,1,60,,4042,13,4,,1,20,,4068,13,4,,1,20,,4076,13,4,,1,60,,4047,13,4,,1,20,,4063,13,4,,1,20,,4065,13,4,,1,60,,4051,13,4,,1,20,,4070,13,4,,1,20,,4066,13,4,,1,60,,4075,13,4,,1,20,,4056,13,4,,1,20,,4045,13,4,,1,60,,3242,13,4,,1,20,,4048,13,4,,1,20,,4074,13,4,,1,60,,4064,13,4,,1,20,,4036,13,4,,1,20,,4052,13,4,,1,60,,4069,13,4,,1,20,,4037,13,4,,1,20,,4038,13,4,,1,60,,4043,13,4,,1,20,,4072,13,4,,1,20,,4067,13,4,,1,60,,4060,13,4,,1,20,,4055,13,4,,1,20,,4058,13,4,,1,60,,4062,13,4,,1,20,,4041,13,4,,1,20,,4034,13,4,,1,60,,4050,13,4,,1,20,,4040,13,4,,1,20,,4061,13,4,,1,60,,4046,13,4,,1,20,,4073,13,4,,1,20,,4053,13,4,,1,60,,4057,13,4,,1,20,,4059,13,4,,1,20,,4039,13,4,,1,60,,4054,13,4,,1,20,,4044,13,4,,1,20,,4035,13,4,,1,60,,2649,13,4,,1,20,,4049,13,4,,1
60201,'7',859,,4114,13,4,,1,60,,4085,13,4,,1,20,,4111,13,4,,1,20,,4119,13,4,,1,60,,4090,13,4,,1,20,,4106,13,4,,1,20,,4108,13,4,,1,60,,4094,13,4,,1,20,,4113,13,4,,1,20,,4109,13,4,,1,60,,4118,13,4,,1,20,,4099,13,4,,1,20,,4088,13,4,,1,60,,3152,13,4,,1,20,,4091,13,4,,1,20,,4117,13,4,,1,60,,4107,13,4,,1,20,,4079,13,4,,1,20,,4095,13,4,,1,60,,4112,13,4,,1,20,,4080,13,4,,1,20,,4081,13,4,,1,60,,4086,13,4,,1,20,,4115,13,4,,1,20,,4110,13,4,,1,60,,4103,13,4,,1,20,,4098,13,4,,1,20,,4101,13,4,,1,60,,4105,13,4,,1,20,,4084,13,4,,1,20,,4077,13,4,,1,60,,4093,13,4,,1,20,,4083,13,4,,1,20,,4104,13,4,,1,60,,4089,13,4,,1,20,,4116,13,4,,1,20,,4096,13,4,,1,60,,4100,13,4,,1,20,,4102,13,4,,1,20,,4082,13,4,,1,60,,4097,13,4,,1,20,,4087,13,4,,1,20,,4078,13,4,,1,60,,2447,13,4,,1,20,,4092,13,4,,1
60300,'10',800,,4195,1,0,9 10,1,15,,4134,1,0,9 10,1,15,,4162,1,0,9 10,1,15,,4139,1,0,9 10,1,55,,4206,1,0,9 10,1,15,,4180,1,0,9 10,1,15,,4172,1,0,9 10,1,15,,4200,1,0,9 10,1,55,,4129,1,0,9 10,1,15,,3408,1,0,9 10,1,15,,4169,1,0,9 10,1,15,,4151,1,0,9 10,1,55,,4188,1,0,9 10,1,15,,4178,1,0,9 10,1,15,,4176,1,0,9 10,1,15,,3386,1,0,9 10,1,55,,4124,1,0,9 10,1,15,,4125,1,0,9 10,1,15,,4142,1,0,9 10,1,15,,4183,1,0,9 10,1,55,,4160,1,0,9 10,1,15,,4138,1,0,9 10,1,15,,4148,1,0,9 10,1,15,,4198,1,0,9 10,1,55,,3181,1,0,9 10,1,15,,3204,1,0,9 10,1,15,,4192,1,0,9 10,1,15,,4175,1,0,9 10,1,55,,4181,1,0,9 10,1,15,,4156,1,0,9 10,1,15,,4120,1,0,9 10,1,15,,4140,1,0,9 10,1,55,,4190,1,0,9 10,1,15,,4215,1,0,9 10,1,15,,4209,1,0,9 10,1,15,,4187,1,0,9 10,1,55,,4147,1,0,9 10,1,15,,4130,1,0,9 10,1,15,,4155,1,0,9 10,1,15,,4191,1,0,9 10,1,55,,4196,1,0,9 10,1,15,,4204,1,0,9 10,1,15,,4171,1,0,9 10,1,15,,4173,1,0,9 10,1,55,,4144,1,0,9 10,1,15,,4166,1,0,9 10,1,15,,4161,1,0,9 10,1,15,,4174,1,0,9 10,1,55,,3049,1,0,9 10,1,15,,4131,1,0,9 10,1,15,,4150,1,0,9 10,1,15,,4167,1,0,9 10,1,55,,4154,1,0,9 10,1,15,,4158,1,0,9 10,1,15,,4194,1,0,9 10,1,15,,4143,1,0,9 10,1,55,,4157,1,0,9 10,1,15,,4121,1,0,9 10,1,15,,4208,1,0,9 10,1
60300,'5',800,,4291,1,0,9 10,1,15,,4230,1,0,9 10,1,15,,4258,1,0,9 10,1,15,,4235,1,0,9 10,1,55,,4302,1,0,9 10,1,15,,4276,1,0,9 10,1,15,,4268,1,0,9 10,1,15,,4296,1,0,9 10,1,55,,4225,1,0,9 10,1,15,,3506,1,0,9 10,1,15,,4265,1,0,9 10,1,15,,4247,1,0,9 10,1,55,,4284,1,0,9 10,1,15,,4274,1,0,9 10,1,15,,4272,1,0,9 10,1,15,,3484,1,0,9 10,1,55,,4220,1,0,9 10,1,15,,4221,1,0,9 10,1,15,,4238,1,0,9 10,1,15,,4279,1,0,9 10,1,55,,4256,1,0,9 10,1,15,,4234,1,0,9 10,1,15,,4244,1,0,9 10,1,15,,4294,1,0,9 10,1,55,,3226,1,0,9 10,1,15,,3249,1,0,9 10,1,15,,4288,1,0,9 10,1,15,,4271,1,0,9 10,1,55,,4277,1,0,9 10,1,15,,4252,1,0,9 10,1,15,,4216,1,0,9 10,1,15,,4236,1,0,9 10,1,55,,4286,1,0,9 10,1,15,,4311,1,0,9 10,1,15,,4305,1,0,9 10,1,15,,4283,1,0,9 10,1,55,,4243,1,0,9 10,1,15,,4226,1,0,9 10,1,15,,4251,1,0,9 10,1,15,,4287,1,0,9 10,1,55,,4292,1,0,9 10,1,15,,4300,1,0,9 10,1,15,,4267,1,0,9 10,1,15,,4269,1,0,9 10,1,55,,4240,1,0,9 10,1,15,,4262,1,0,9 10,1,15,,4257,1,0,9 10,1,15,,4270,1,0,9 10,1,55,,3091,1,0,9 10,1,15,,4227,1,0,9 10,1,15,,4246,1,0,9 10,1,15,,4263,1,0,9 10,1,55,,4250,1,0,9 10,1,15,,4254,1,0,9 10,1,15,,4290,1,0,9 10,1,15,,4239,1,0,9 10,1,55,,4253,1,0,9 10,1,15,,4217,1,0,9 10,1,15,,4304,1,0,9 10,1
60300,'7',800,,4387,1,0,9 10,1,15,,4326,1,0,9 10,1,15,,4354,1,0,9 10,1,15,,4331,1,0,9 10,1,55,,4398,1,0,9 10,1,15,,4372,1,0,9 10,1,15,,4364,1,0,9 10,1,15,,4392,1,0,9 10,1,55,,4321,1,0,9 10,1,15,,3310,1,0,9 10,1,15,,4361,1,0,9 10,1,15,,4343,1,0,9 10,1,55,,4380,1,0,9 10,1,15,,4370,1,0,9 10,1,15,,4368,1,0,9 10,1,15,,3288,1,0,9 10,1,55,,4316,1,0,9 10,1,15,,4317,1,0,9 10,1,15,,4334,1,0,9 10,1,15,,4375,1,0,9 10,1,55,,4352,1,0,9 10,1,15,,4330,1,0,9 10,1,15,,4340,1,0,9 10,1,15,,4390,1,0,9 10,1,55,,3136,1,0,9 10,1,15,,3159,1,0,9 10,1,15,,4384,1,0,9 10,1,15,,4367,1,0,9 10,1,55,,4373,1,0,9 10,1,15,,4348,1,0,9 10,1,15,,4312,1,0,9 10,1,15,,4332,1,0,9 10,1,55,,4382,1,0,9 10,1,15,,4407,1,0,9 10,1,15,,4401,1,0,9 10,1,15,,4379,1,0,9 10,1,55,,4339,1,0,9 10,1,15,,4322,1,0,9 10,1,15,,4347,1,0,9 10,1,15,,4383,1,0,9 10,1,55,,4388,1,0,9 10,1,15,,4396,1,0,9 10,1,15,,4363,1,0,9 10,1,15,,4365,1,0,9 10,1,55,,4336,1,0,9 10,1,15,,4358,1,0,9 10,1,15,,4353,1,0,9 10,1,15,,4366,1,0,9 10,1,55,,3007,1,0,9 10,1,15,,4323,1,0,9 10,1,15,,4342,1,0,9 10,1,15,,4359,1,0,9 10,1,55,,4346,1,0,9 10,1,15,,4350,1,0,9 10,1,15,,4386,1,0,9 10,1,15,,4335,1,0,9 10,1,55,,4349,1,0,9 10,1,15,,4313,1,0,9 10,1,15,,4400,1,0,9 10,1
60301,'10',958,,4466,18,4,,1,55,,4419,18,4,,1,15,,4411,18,4,,1,15,,4460,18,4,,1,15,,4449,18,4,,1,55,,4499,18,4,,1,15,,4473,18,4,,1,15,,4502,18,4,,1,15,,4480,18,4,,1,55,,4424,18,4,,1,15,,4465,18,4,,1,15,,4479,18,4,,1,15,,4446,18,4,,1,55,,4459,18,4,,1,15,,4434,18,4,,1,15,,4418,18,4,,1,15,,4507,18,4,,1,55,,4485,18,4,,1,15,,4467,18,4,,1,15,,4451,18,4,,1,15,,4505,18,4,,1,55,,4478,18,4,,1,15,,4436,18,4,,1,15,,4456,18,4,,1,15,,4470,18,4,,1,55,,4500,18,4,,1,15,,4475,18,4,,1,15,,4497,18,4,,1,15,,4452,18,4,,1,55,,4472,18,4,,1,15,,4438,18,4,,1,15,,4494,18,4,,1,15,,4415,18,4,,1,55,,4454,18,4,,1,15,,4443,18,4,,1,15,,4441,18,4,,1,15,,3745,18,4,,1,55,,4509,18,4,,1,15,,4450,18,4,,1,15,,4476,18,4,,1,15,,4489,18,4,,1,55,,4471,18,4,,1,15,,4495,18,4,,1,15,,4503,18,4,,1,1,,4448,18,4,,1,14,,4455,18,4,,1,55,,4463,18,4,,1,15,,4462,18,4,,1,15,,4488,18,4,,1,15,,4477,18,4,,1,55,,4414,18,4,,1,15,,4501,18,4,,1,15,,4410,18,4,,1,15,,4427,18,4,,1,55,,4428,18,4,,1,15,,4437,18,4,,1
60301,'5',958,,4568,18,4,,1,55,,4521,18,4,,1,15,,4513,18,4,,1,15,,4562,18,4,,1,15,,4551,18,4,,1,55,,4601,18,4,,1,15,,4575,18,4,,1,15,,4604,18,4,,1,15,,4582,18,4,,1,55,,4526,18,4,,1,15,,4567,18,4,,1,15,,4581,18,4,,1,15,,4548,18,4,,1,55,,4561,18,4,,1,15,,4536,18,4,,1,15,,4520,18,4,,1,15,,4609,18,4,,1,55,,4587,18,4,,1,15,,4569,18,4,,1,15,,4553,18,4,,1,15,,4607,18,4,,1,55,,4580,18,4,,1,15,,4538,18,4,,1,15,,4558,18,4,,1,15,,4572,18,4,,1,55,,4602,18,4,,1,15,,4577,18,4,,1,15,,4599,18,4,,1,15,,4554,18,4,,1,55,,4574,18,4,,1,15,,4540,18,4,,1,15,,4596,18,4,,1,15,,4517,18,4,,1,55,,4556,18,4,,1,15,,4545,18,4,,1,15,,4543,18,4,,1,15,,3845,18,4,,1,55,,4611,18,4,,1,15,,4552,18,4,,1,15,,4578,18,4,,1,15,,4591,18,4,,1,55,,4573,18,4,,1,15,,4597,18,4,,1,15,,4605,18,4,,1,1,,4550,18,4,,1,14,,4557,18,4,,1,55,,4565,18,4,,1,15,,4564,18,4,,1,15,,4590,18,4,,1,15,,4579,18,4,,1,55,,4516,18,4,,1,15,,4603,18,4,,1,15,,4512,18,4,,1,15,,4529,18,4,,1,55,,4530,18,4,,1,15,,4539,18,4,,1
60301,'7',958,,4670,18,4,,1,55,,4623,18,4,,1,15,,4615,18,4,,1,15,,4664,18,4,,1,15,,4653,18,4,,1,55,,4703,18,4,,1,15,,4677,18,4,,1,15,,4706,18,4,,1,15,,4684,18,4,,1,55,,4628,18,4,,1,15,,4669,18,4,,1,15,,4683,18,4,,1,15,,4650,18,4,,1,55,,4663,18,4,,1,15,,4638,18,4,,1,15,,4622,18,4,,1,15,,4711,18,4,,1,55,,4689,18,4,,1,15,,4671,18,4,,1,15,,4655,18,4,,1,15,,4709,18,4,,1,55,,4682,18,4,,1,15,,4640,18,4,,1,15,,4660,18,4,,1,15,,4674,18,4,,1,55,,4704,18,4,,1,15,,4679,18,4,,1,15,,4701,18,4,,1,15,,4656,18,4,,1,55,,4676,18,4,,1,15,,4642,18,4,,1,15,,4698,18,4,,1,15,,4619,18,4,,1,55,,4658,18,4,,1,15,,4647,18,4,,1,15,,4645,18,4,,1,15,,3645,18,4,,1,55,,4713,18,4,,1,15,,4654,18,4,,1,15,,4680,18,4,,1,15,,4693,18,4,,1,55,,4675,18,4,,1,15,,4699,18,4,,1,15,,4707,18,4,,1,1,,4652,18,4,,1,14,,4659,18,4,,1,55,,4667,18,4,,1,15,,4666,18,4,,1,15,,4692,18,4,,1,15,,4681,18,4,,1,55,,4618,18,4,,1,15,,4705,18,4,,1,15,,4614,18,4,,1,15,,4631,18,4,,1,55,,4632,18,4,,1,15,,4641,18,4,,1
