60200,'10',800,,3010,1,0,5 6 2 7 8,1,20,,3041,1,0,5 6 2 7 8,1,20,,3012,1,0,5 6 2 7 8,1,60,,3040,1,0,5 6 2 7 8,1,20,,3011,1,0,5 6 2 7 8,1,20,,3006,1,0,5 6 2 7 8,1,60,,3036,1,0,5 6 2 7 8,1,20,,3002,1,0,5 6 2 7 8,1,20,,3035,1,0,5 6 2 7 8,1,60,,3029,1,0,5 6 2 7 8,1,20,,3005,1,0,5 6 2 7 8,1,20,,3030,1,0,5 6 2 7 8,1,60,,3009,1,0,5 6 2 7 8,1,20,,3007,1,0,5 6 2 7 8,1,20,,3018,1,0,5 6 2 7 8,1,60,,3025,1,0,5 6 2 7 8,1,20,,3027,1,0,5 6 2 7 8,1,20,,3038,1,0,5 6 2 7 8,1,60,,3037,1,0,5 6 2 7 8,1,20,,3024,1,0,5 6 2 7 8,1,20,,3008,1,0,5 6 2 7 8,1,60,,2290,1,0,5 6 2 7 8,1,20,,3033,1,0,5 6 2 7 8,1,20,,3026,1,0,5 6 2 7 8,1,60,,3013,1,0,5 6 2 7 8,1,20,,3016,1,0,5 6 2 7 8,1,20,,3003,1,0,5 6 2 7 8,1,60,,3014,1,0,5 6 2 7 8,1,20,,2447,1,0,5 6 2 7 8,1,20,,3015,1,0,5 6 2 7 8,1,60,,3004,1,0,5 6 2 7 8,1,20,,3039,1,0,5 6 2 7 8,1,20,,3001,1,0,5 6 2 7 8,1,60,,3017,1,0,5 6 2 7 8,1,20,,3031,1,0,5 6 2 7 8,1,20,,3034,1,0,5 6 2 7 8,1,60,,3028,1,0,5 6 2 7 8,1,20,,3021,1,0,5 6 2 7 8,1,20,,3019,1,0,5 6 2 7 8,1,60,,3032,1,0,5 6 2 7 8,1,20,,3020,1,0,5 6 2 7 8,1,20,,3023,1,0,5 6 2 7 8,1,60,,3022,1,0,5 6 2 7 8,1,20,,3042,1,0,5 6 2 7 8,1,20,,2432,1,0,5 6 2 7 8,1
60200,'15',800,,3052,1,0,5 6 2 7 8,1,20,,3083,1,0,5 6 2 7 8,1,20,,3054,1,0,5 6 2 7 8,1,60,,3082,1,0,5 6 2 7 8,1,20,,3053,1,0,5 6 2 7 8,1,20,,3048,1,0,5 6 2 7 8,1,60,,3078,1,0,5 6 2 7 8,1,20,,3044,1,0,5 6 2 7 8,1,20,,3077,1,0,5 6 2 7 8,1,60,,3071,1,0,5 6 2 7 8,1,20,,3047,1,0,5 6 2 7 8,1,20,,3072,1,0,5 6 2 7 8,1,60,,3051,1,0,5 6 2 7 8,1,20,,3049,1,0,5 6 2 7 8,1,20,,3060,1,0,5 6 2 7 8,1,60,,3067,1,0,5 6 2 7 8,1,20,,3069,1,0,5 6 2 7 8,1,20,,3080,1,0,5 6 2 7 8,1,60,,3079,1,0,5 6 2 7 8,1,20,,3066,1,0,5 6 2 7 8,1,20,,3050,1,0,5 6 2 7 8,1,60,,2335,1,0,5 6 2 7 8,1,20,,3075,1,0,5 6 2 7 8,1,20,,3068,1,0,5 6 2 7 8,1,60,,3055,1,0,5 6 2 7 8,1,20,,3058,1,0,5 6 2 7 8,1,20,,3045,1,0,5 6 2 7 8,1,60,,3056,1,0,5 6 2 7 8,1,20,,2548,1,0,5 6 2 7 8,1,20,,3057,1,0,5 6 2 7 8,1,60,,3046,1,0,5 6 2 7 8,1,20,,3081,1,0,5 6 2 7 8,1,20,,3043,1,0,5 6 2 7 8,1,60,,3059,1,0,5 6 2 7 8,1,20,,3073,1,0,5 6 2 7 8,1,20,,3076,1,0,5 6 2 7 8,1,60,,3070,1,0,5 6 2 7 8,1,20,,3063,1,0,5 6 2 7 8,1,20,,3061,1,0,5 6 2 7 8,1,60,,3074,1,0,5 6 2 7 8,1,20,,3062,1,0,5 6 2 7 8,1,20,,3065,1,0,5 6 2 7 8,1,60,,3064,1,0,5 6 2 7 8,1,20,,3084,1,0,5 6 2 7 8,1,20,,2533,1,0,5 6 2 7 8,1
60200,'7',800,,3094,1,0,5 6 2 7 8,1,20,,3125,1,0,5 6 2 7 8,1,20,,3096,1,0,5 6 2 7 8,1,60,,3124,1,0,5 6 2 7 8,1,20,,3095,1,0,5 6 2 7 8,1,20,,3090,1,0,5 6 2 7 8,1,60,,3120,1,0,5 6 2 7 8,1,20,,3086,1,0,5 6 2 7 8,1,20,,3119,1,0,5 6 2 7 8,1,60,,3113,1,0,5 6 2 7 8,1,20,,3089,1,0,5 6 2 7 8,1,20,,3114,1,0,5 6 2 7 8,1,60,,3093,1,0,5 6 2 7 8,1,20,,3091,1,0,5 6 2 7 8,1,20,,3102,1,0,5 6 2 7 8,1,60,,3109,1,0,5 6 2 7 8,1,20,,3111,1,0,5 6 2 7 8,1,20,,3122,1,0,5 6 2 7 8,1,60,,3121,1,0,5 6 2 7 8,1,20,,3108,1,0,5 6 2 7 8,1,20,,3092,1,0,5 6 2 7 8,1,60,,2380,1,0,5 6 2 7 8,1,20,,3117,1,0,5 6 2 7 8,1,20,,3110,1,0,5 6 2 7 8,1,60,,3097,1,0,5 6 2 7 8,1,20,,3100,1,0,5 6 2 7 8,1,20,,3087,1,0,5 6 2 7 8,1,60,,3098,1,0,5 6 2 7 8,1,20,,2649,1,0,5 6 2 7 8,1,20,,3099,1,0,5 6 2 7 8,1,60,,3088,1,0,5 6 2 7 8,1,20,,3123,1,0,5 6 2 7 8,1,20,,3085,1,0,5 6 2 7 8,1,60,,3101,1,0,5 6 2 7 8,1,20,,3115,1,0,5 6 2 7 8,1,20,,3118,1,0,5 6 2 7 8,1,60,,3112,1,0,5 6 2 7 8,1,20,,3105,1,0,5 6 2 7 8,1,20,,3103,1,0,5 6 2 7 8,1,60,,3116,1,0,5 6 2 7 8,1,20,,3104,1,0,5 6 2 7 8,1,20,,3107,1,0,5 6 2 7 8,1,60,,3106,1,0,5 6 2 7 8,1,20,,3126,1,0,5 6 2 7 8,1,20,,2634,1,0,5 6 2 7 8,1
60201,'10',859,,3163,13,4,,1,60,,3153,13,4,,1,20,,3145,13,4,,1,20,,3169,13,4,,1,60,,3128,13,4,,1,20,,3154,13,4,,1,20,,3150,13,4,,1,60,,3147,13,4,,1,20,,3146,13,4,,1,20,,3136,13,4,,1,60,,3166,13,4,,1,20,,3132,13,4,,1,20,,3156,13,4,,1,60,,3135,13,4,,1,20,,3151,13,4,,1,20,,3152,13,4,,1,60,,3131,13,4,,1,20,,3155,13,4,,1,20,,3161,13,4,,1,60,,3168,13,4,,1,20,,3158,13,4,,1,20,,3149,13,4,,1,60,,3162,13,4,,1,20,,3134,13,4,,1,20,,3133,13,4,,1,60,,3164,13,4,,1,20,,3144,13,4,,1,20,,3127,13,4,,1,60,,3157,13,4,,1,20,,3143,13,4,,1,20,,3160,13,4,,1,60,,3130,13,4,,1,20,,3137,13,4,,1,20,,3138,13,4,,1,60,,3159,13,4,,1,20,,3148,13,4,,1,20,,3171,13,4,,1,60,,3141,13,4,,1,20,,3129,13,4,,1,20,,3167,13,4,,1,60,,3142,13,4,,1,20,,3165,13,4,,1,20,,3170,13,4,,1,60,,3140,13,4,,1,20,,3139,13,4,,1
60201,'15',859,,3208,13,4,,1,60,,3198,13,4,,1,20,,3190,13,4,,1,20,,3214,13,4,,1,60,,3173,13,4,,1,20,,3199,13,4,,1,20,,3195,13,4,,1,60,,3192,13,4,,1,20,,3191,13,4,,1,20,,3181,13,4,,1,60,,3211,13,4,,1,20,,3177,13,4,,1,20,,3201,13,4,,1,60,,3180,13,4,,1,20,,3196,13,4,,1,20,,3197,13,4,,1,60,,3176,13,4,,1,20,,3200,13,4,,1,20,,3206,13,4,,1,60,,3213,13,4,,1,20,,3203,13,4,,1,20,,3194,13,4,,1,60,,3207,13,4,,1,20,,3179,13,4,,1,20,,3178,13,4,,1,60,,3209,13,4,,1,20,,3189,13,4,,1,20,,3172,13,4,,1,60,,3202,13,4,,1,20,,3188,13,4,,1,20,,3205,13,4,,1,60,,3175,13,4,,1,20,,3182,13,4,,1,20,,3183,13,4,,1,60,,3204,13,4,,1,20,,3193,13,4,,1,20,,3216,13,4,,1,60,,3186,13,4,,1,20,,3174,13,4,,1,20,,3212,13,4,,1,60,,3187,13,4,,1,20,,3210,13,4,,1,20,,3215,13,4,,1,60,,3185,13,4,,1,20,,3184,13,4,,1
60201,'7',859,,3253,13,4,,1,60,,3243,13,4,,1,20,,3235,13,4,,1,20,,3259,13,4,,1,60,,3218,13,4,,1,20,,3244,13,4,,1,20,,3240,13,4,,1,60,,3237,13,4,,1,20,,3236,13,4,,1,20,,3226,13,4,,1,60,,3256,13,4,,1,20,,3222,13,4,,1,20,,3246,13,4,,1,60,,3225,13,4,,1,20,,3241,13,4,,1,20,,3242,13,4,,1,60,,3221,13,4,,1,20,,3245,13,4,,1,20,,3251,13,4,,1,60,,3258,13,4,,1,20,,3248,13,4,,1,20,,3239,13,4,,1,60,,3252,13,4,,1,20,,3224,13,4,,1,20,,3223,13,4,,1,60,,3254,13,4,,1,20,,3234,13,4,,1,20,,3217,13,4,,1,60,,3247,13,4,,1,20,,3233,13,4,,1,20,,3250,13,4,,1,60,,3220,13,4,,1,20,,3227,13,4,,1,20,,3228,13,4,,1,60,,3249,13,4,,1,20,,3238,13,4,,1,20,,3261,13,4,,1,60,,3231,13,4,,1,20,,3219,13,4,,1,20,,3257,13,4,,1,60,,3232,13,4,,1,20,,3255,13,4,,1,20,,3260,13,4,,1,60,,3230,13,4,,1,20,,3229,13,4,,1
60300,'10',800,,3264,1,0,9 10,1,15,,3294,1,0,9 10,1,15,,3311,1,0,9 10,1,15,,3302,1,0,9 10,1,55,,3276,1,0,9 10,1,15,,3289,1,0,9 10,1,15,,3356,1,0,9 10,1,15,,3263,1,0,9 10,1,55,,3340,1,0,9 10,1,15,,3355,1,0,9 10,1,15,,3293,1,0,9 10,1,15,,3299,1,0,9 10,1,55,,3323,1,0,9 10,1,15,,3351,1,0,9 10,1,15,,3309,1,0,9 10,1,15,,3306,1,0,9 10,1,55,,3346,1,0,9 10,1,15,,3286,1,0,9 10,1,15,,3278,1,0,9 10,1,15,,3273,1,0,9 10,1,55,,3310,1,0,9 10,1,15,,3359,1,0,9 10,1,15,,3287,1,0,9 10,1,15,,3280,1,0,9 10,1,55,,3303,1,0,9 10,1,15,,3357,1,0,9 10,1,15,,3295,1,0,9 10,1,15,,3275,1,0,9 10,1,55,,3358,1,0,9 10,1,15,,3300,1,0,9 10,1,15,,3331,1,0,9 10,1,15,,3333,1,0,9 10,1,55,,3354,1,0,9 10,1,15,,3352,1,0,9 10,1,15,,3328,1,0,9 10,1,15,,3332,1,0,9 10,1,55,,3269,1,0,9 10,1,15,,3345,1,0,9 10,1,15,,3348,1,0,9 10,1,15,,3307,1,0,9 10,1,55,,3271,1,0,9 10,1,15,,3282,1,0,9 10,1,15,,3322,1,0,9 10,1,15,,3272,1,0,9 10,1,55,,3281,1,0,9 10,1,20,,3347,1,0,9 10,1,20,,3326,1,0,9 10,1,10,,2450,1,0,9 10,1,50,,3343,1,0,9 10,1,20,,3291,1,0,9 10,1,20,,3279,1,0,9 10,1,60,,2715,1,0,9 10,1,40,,3339,1,0,9 10,1,60,,3284,1,0,9 10,1,20,,3283,1,0,9 10,1
60300,'15',800,,3362,1,0,9 10,1,15,,3392,1,0,9 10,1,15,,3409,1,0,9 10,1,15,,3400,1,0,9 10,1,55,,3374,1,0,9 10,1,15,,3387,1,0,9 10,1,15,,3454,1,0,9 10,1,15,,3361,1,0,9 10,1,55,,3438,1,0,9 10,1,15,,3453,1,0,9 10,1,15,,3391,1,0,9 10,1,15,,3397,1,0,9 10,1,55,,3421,1,0,9 10,1,15,,3449,1,0,9 10,1,15,,3407,1,0,9 10,1,15,,3404,1,0,9 10,1,55,,3444,1,0,9 10,1,15,,3384,1,0,9 10,1,15,,3376,1,0,9 10,1,15,,3371,1,0,9 10,1,55,,3408,1,0,9 10,1,15,,3457,1,0,9 10,1,15,,3385,1,0,9 10,1,15,,3378,1,0,9 10,1,55,,3401,1,0,9 10,1,15,,3455,1,0,9 10,1,15,,3393,1,0,9 10,1,15,,3373,1,0,9 10,1,55,,3456,1,0,9 10,1,15,,3398,1,0,9 10,1,15,,3429,1,0,9 10,1,15,,3431,1,0,9 10,1,55,,3452,1,0,9 10,1,15,,3450,1,0,9 10,1,15,,3426,1,0,9 10,1,15,,3430,1,0,9 10,1,55,,3367,1,0,9 10,1,15,,3443,1,0,9 10,1,15,,3446,1,0,9 10,1,15,,3405,1,0,9 10,1,55,,3369,1,0,9 10,1,15,,3380,1,0,9 10,1,15,,3420,1,0,9 10,1,15,,3370,1,0,9 10,1,55,,3379,1,0,9 10,1,20,,3445,1,0,9 10,1,20,,3424,1,0,9 10,1,10,,2551,1,0,9 10,1,50,,3441,1,0,9 10,1,20,,3389,1,0,9 10,1,20,,3377,1,0,9 10,1,60,,2815,1,0,9 10,1,40,,3437,1,0,9 10,1,60,,3382,1,0,9 10,1,20,,3381,1,0,9 10,1
60300,'7',800,,3460,1,0,9 10,1,15,,3490,1,0,9 10,1,15,,3507,1,0,9 10,1,15,,3498,1,0,9 10,1,55,,3472,1,0,9 10,1,15,,3485,1,0,9 10,1,15,,3552,1,0,9 10,1,15,,3459,1,0,9 10,1,55,,3536,1,0,9 10,1,15,,3551,1,0,9 10,1,15,,3489,1,0,9 10,1,15,,3495,1,0,9 10,1,55,,3519,1,0,9 10,1,15,,3547,1,0,9 10,1,15,,3505,1,0,9 10,1,15,,3502,1,0,9 10,1,55,,3542,1,0,9 10,1,15,,3482,1,0,9 10,1,15,,3474,1,0,9 10,1,15,,3469,1,0,9 10,1,55,,3506,1,0,9 10,1,15,,3555,1,0,9 10,1,15,,3483,1,0,9 10,1,15,,3476,1,0,9 10,1,55,,3499,1,0,9 10,1,15,,3553,1,0,9 10,1,15,,3491,1,0,9 10,1,15,,3471,1,0,9 10,1,55,,3554,1,0,9 10,1,15,,3496,1,0,9 10,1,15,,3527,1,0,9 10,1,15,,3529,1,0,9 10,1,55,,3550,1,0,9 10,1,15,,3548,1,0,9 10,1,15,,3524,1,0,9 10,1,15,,3528,1,0,9 10,1,55,,3465,1,0,9 10,1,15,,3541,1,0,9 10,1,15,,3544,1,0,9 10,1,15,,3503,1,0,9 10,1,55,,3467,1,0,9 10,1,15,,3478,1,0,9 10,1,15,,3518,1,0,9 10,1,15,,3468,1,0,9 10,1,55,,3477,1,0,9 10,1,20,,3543,1,0,9 10,1,20,,3522,1,0,9 10,1,10,,2652,1,0,9 10,1,50,,3539,1,0,9 10,1,20,,3487,1,0,9 10,1,20,,3475,1,0,9 10,1,60,,2915,1,0,9 10,1,40,,3535,1,0,9 10,1,60,,3480,1,0,9 10,1,20,,3479,1,0,9 10,1
60301,'10',958,,3652,18,4,,1,55,,3587,18,4,,1,15,,3635,18,4,,1,15,,3647,18,4,,1,15,,3564,18,4,,1,55,,3648,18,4,,1,15,,3633,18,4,,1,15,,3575,18,4,,1,15,,2746,18,4,,1,55,,3584,18,4,,1,15,,3637,18,4,,1,15,,3621,18,4,,1,15,,3567,18,4,,1,55,,3597,18,4,,1,15,,3607,18,4,,1,15,,3643,18,4,,1,15,,3628,18,4,,1,55,,3558,18,4,,1,15,,3573,18,4,,1,15,,3605,18,4,,1,15,,3599,18,4,,1,55,,3613,18,4,,1,15,,3641,18,4,,1,15,,3590,18,4,,1,15,,3650,18,4,,1,55,,3579,18,4,,1,15,,3588,18,4,,1,15,,3649,18,4,,1,15,,3606,18,4,,1,55,,3612,18,4,,1,15,,3585,18,4,,1,15,,3562,18,4,,1,15,,3576,18,4,,1,55,,3625,18,4,,1,15,,3570,18,4,,1,15,,3639,18,4,,1,15,,3651,18,4,,1,55,,3634,18,4,,1,15,,3624,18,4,,1,15,,3619,18,4,,1,15,,3577,18,4,,1,43,,3646,18,4,,1,15,,3632,18,4,,1,15,,3569,18,4,,1,10,,3594,18,4,,1,5,,3604,18,4,,1,3,,3581,18,4,,1,10,,3559,18,4,,1,60,,3623,18,4,,1,20,,3571,18,4,,1,20,,3602,18,4,,1,60,,3563,18,4,,1,20,,3574,18,4,,1,20,,3589,18,4,,1,60,,3654,18,4,,1
60301,'15',958,,3752,18,4,,1,55,,3687,18,4,,1,15,,3735,18,4,,1,15,,3747,18,4,,1,15,,3664,18,4,,1,55,,3748,18,4,,1,15,,3733,18,4,,1,15,,3675,18,4,,1,15,,2846,18,4,,1,55,,3684,18,4,,1,15,,3737,18,4,,1,15,,3721,18,4,,1,15,,3667,18,4,,1,55,,3697,18,4,,1,15,,3707,18,4,,1,15,,3743,18,4,,1,15,,3728,18,4,,1,55,,3658,18,4,,1,15,,3673,18,4,,1,15,,3705,18,4,,1,15,,3699,18,4,,1,55,,3713,18,4,,1,15,,3741,18,4,,1,15,,3690,18,4,,1,15,,3750,18,4,,1,55,,3679,18,4,,1,15,,3688,18,4,,1,15,,3749,18,4,,1,15,,3706,18,4,,1,55,,3712,18,4,,1,15,,3685,18,4,,1,15,,3662,18,4,,1,15,,3676,18,4,,1,55,,3725,18,4,,1,15,,3670,18,4,,1,15,,3739,18,4,,1,15,,3751,18,4,,1,55,,3734,18,4,,1,15,,3724,18,4,,1,15,,3719,18,4,,1,15,,3677,18,4,,1,43,,3746,18,4,,1,15,,3732,18,4,,1,15,,3669,18,4,,1,10,,3694,18,4,,1,5,,3704,18,4,,1,3,,3681,18,4,,1,10,,3744,18,4,,1,60,,3723,18,4,,1,20,,3671,18,4,,1,20,,3702,18,4,,1,60,,3663,18,4,,1,20,,3674,18,4,,1,20,,3689,18,4,,1,60,,3754,18,4,,1
60301,'7',958,,3852,18,4,,1,55,,3787,18,4,,1,15,,3835,18,4,,1,15,,3847,18,4,,1,15,,3764,18,4,,1,55,,3848,18,4,,1,15,,3833,18,4,,1,15,,3775,18,4,,1,15,,2946,18,4,,1,55,,3784,18,4,,1,15,,3837,18,4,,1,15,,3821,18,4,,1,15,,3767,18,4,,1,55,,3797,18,4,,1,15,,3807,18,4,,1,15,,3843,18,4,,1,15,,3828,18,4,,1,55,,3758,18,4,,1,15,,3773,18,4,,1,15,,3805,18,4,,1,15,,3799,18,4,,1,55,,3813,18,4,,1,15,,3841,18,4,,1,15,,3790,18,4,,1,15,,3850,18,4,,1,55,,3779,18,4,,1,15,,3788,18,4,,1,15,,3849,18,4,,1,15,,3806,18,4,,1,55,,3812,18,4,,1,15,,3785,18,4,,1,15,,3762,18,4,,1,15,,3776,18,4,,1,55,,3825,18,4,,1,15,,3770,18,4,,1,15,,3839,18,4,,1,15,,3851,18,4,,1,55,,3834,18,4,,1,15,,3824,18,4,,1,15,,3819,18,4,,1,15,,3777,18,4,,1,43,,3846,18,4,,1,15,,3832,18,4,,1,15,,3769,18,4,,1,10,,3794,18,4,,1,5,,3804,18,4,,1,3,,3781,18,4,,1,10,,3844,18,4,,1,60,,3823,18,4,,1,20,,3771,18,4,,1,20,,3802,18,4,,1,60,,3763,18,4,,1,20,,3774,18,4,,1,20,,3789,18,4,,1,60,,3854,18,4,,1
